573.12860
573.12863
573.12864
573.12867
573.12871
573.12875
573.12876
573.12877
573.12878
573.12879
573.12882
573.12884
573.12888
573.12894
573.12900
573.12905
573.12912
573.12913
573.12917
573.12920
573.12927
573.12930
573.12932
573.12953
573.12955
573.12958
573.12966
573.12970
573.12973
573.12980
573.12981
573.12984
573.12991
573.12997
573.13003
573.13011
573.13015
573.13023
573.13027
573.13035
573.13037
573.13041
573.13042
573.13043
573.13044
573.13045
573.13047
573.13051
573.13053
573.13055
573.13059
573.13060
573.13061
573.13062
573.13063
573.13064
573.13066
573.13068
573.13070
573.13071
573.13073
573.13075
573.13077
573.13079
573.13082
573.13084
573.13085
573.13088
573.13093
573.13094
573.13095
573.13096
573.13098
573.13099
573.13100
573.13101
573.13105
573.13107
573.13108
573.13109
573.13110
573.13111
573.13112
573.13114
573.13120
573.13123
573.13124
573.13125
573.13126
573.13127
573.13128
573.13132
573.13134
573.13136
573.13138
573.13139
573.13140
573.13144
573.13145
573.13149
573.13151
573.13152
573.13156
573.13157
573.13159
573.13163
573.13164
573.13165
573.13166
573.13168
573.13170
573.13171
573.13172
573.13173
573.13174
573.13175
573.13176
573.13177
573.13178
573.13179
573.13185
573.13187
573.13190
573.13191
573.13194
573.13201
573.13205
573.13206
573.13207
573.13208
573.13209
573.13210
573.13214
573.13217
573.13219
573.13220
573.13221
573.13222
573.13224
573.13225
573.13226
573.13228
573.13230
573.13232
573.13235
573.13237
573.13238
573.13239
573.13240
573.13241
573.13246
573.13247
573.13248
573.13251
573.13252
573.13253
573.13254
573.13256
573.13258
573.13259
573.13261
573.13263
573.13264
573.13266
573.13267
573.13270
573.13271
573.13274
573.13275
573.13276
573.13281
573.13283
573.13284
573.13285
573.13286
573.13287
573.13293
573.13294
573.13295
573.13296
573.13298
573.13300
573.13305
573.13307
573.13311
573.13313
573.13316
573.13317
573.13322
573.13324
573.13327
573.13329
573.13330
573.13333
573.13334
573.13336
573.13338
573.13340
573.13341
573.13342
573.13343
573.13347
573.13351
573.13356
573.13359
573.13361
573.13362
573.13364
573.13365
573.13368
573.13370
573.13371
573.13377
573.13378
573.13381
573.13382
573.13383
573.13386
573.13387
573.13389
573.13397
573.13399
573.13402
573.13405
573.13409
573.13411
573.13418
573.13425
573.13427
573.13428
573.13432
573.13433
573.13434
573.13435
573.13438
573.13442
573.13444
573.13446
573.13447
573.13449
573.13451
573.13454
573.13455
573.13457
573.13460
573.13461
573.13462
573.13463
573.13467
573.13468
573.13469
573.13470
573.13477
573.13478
573.13479
573.13481
573.13483
573.13485
573.13489
573.13490
573.13491
573.13494
573.13497
573.13499
573.13502
573.13503
573.13504
573.13509
573.13510
573.13512
573.13513
573.13514
573.13516
573.13517
573.13518
573.13519
573.13520
573.13521
573.13522
573.13524
573.13525
573.13531
573.13532
573.13533
573.13545
573.13546
573.13547
573.13548
573.13550
573.13551
573.13552
573.13553
573.13558
573.13561
573.13563
573.13564
573.13565
573.13567
573.13573
573.13575
573.13578
573.13579
573.13580
573.13583
573.13584
573.13585
573.13587
573.13588
573.13590
573.13593
573.13595
573.13597
573.13598
573.13601
573.13606
573.13609
573.13615
573.13617
573.13619
573.13621
573.13625
573.13628
573.13629
573.13631
573.13632
573.13634
573.13635
573.13641
573.13645
573.13646
573.13648
573.13650
573.13652
573.13653
573.13657
573.13658
573.13665
573.13666
573.13667
573.13668
573.13670
573.13671
573.13672
573.13673
573.13674
573.13676
573.13677
573.13678
573.13679
573.13681
573.13682
573.13683
573.13684
573.13687
573.13688
573.13690
573.13691
573.13692
573.13693
573.13694
573.13695
573.13696
573.13697
573.13699
573.13700
573.13701
573.13702
573.13704
573.13707
573.13709
573.13710
573.13711
573.13713
573.13718
573.13719
573.13724
573.13725
573.13726
573.13730
573.13731
573.13734
573.13735
573.13736
573.13737
573.13738
573.13739
573.13741
573.13743
573.13744
573.13745
573.13746
573.13747
573.13750
573.13751
573.13752
573.13753
573.13756
573.13757
573.13758
573.13759
573.13760
573.13761
573.13762
573.13765
573.13767
573.13768
573.13769
573.13770
573.13772
573.13773
573.13775
573.13777
573.13778
573.13780
573.13781
573.13784
573.13790
573.13800
573.13801
573.13804
573.13807
573.13809
573.13811
573.13812
573.13814
573.13816
573.13819
573.13820
573.13823
573.13824
573.13826
573.13827
573.13828
573.13830
573.13831
573.13832
573.13836
573.13840
573.13842
573.13844
573.13845
573.13847
573.13849
573.13850
573.13852
573.13854
573.13855
573.13856
573.13857
573.13862
573.13864
573.13866
573.13868
573.13869
573.13870
573.13871
573.13872
573.13873
573.13876
573.13877
573.13878
573.13879
573.13880
573.13881
573.13883
573.13884
573.13886
573.13887
573.13888
573.13889
573.13890
573.13896
573.13900
573.13904
573.13906
573.13907
573.13909
573.13910
573.13912
573.13914
573.13915
573.13916
573.13917
573.13918
573.13919
573.13922
573.13926
573.13930
573.13931
573.13935
573.13936
573.13937
573.13938
573.13939
573.13940
573.13941
573.13944
573.13948
573.13951
573.13954
573.13955
573.13956
573.13957
573.13958
573.13959
573.13960
573.13961
573.13965
573.13966
573.13969
573.13970
573.13972
573.13974
573.13976
573.13977
573.13978
573.13979
573.13980
573.13982
573.13984
573.13985
573.13987
573.13988
573.13989
573.13990
573.13994
573.13995
573.13997
573.13998
573.13999
573.14002
573.14003
573.14006
573.14008
573.14009
573.14010
573.14011
573.14012
573.14015
573.14016
573.14017
573.14018
573.14019
573.14020
573.14024
573.14030
573.14031
573.14033
573.14035
573.14036
573.14037
573.14038
573.14040
573.14041
573.14042
573.14044
573.14046
573.14047
573.14048
573.14049
573.14050
573.14051
573.14052
573.14053
573.14055
573.14056
573.14057
573.14058
573.14063
573.14066
573.14067
573.14072
573.14073
573.14075
573.14077
573.14078
573.14079
573.14080
573.14083
573.14084
573.14087
573.14089
573.14090
573.14093
573.14094
573.14096
573.14099
573.14102
573.14103
573.14105
573.14107
573.14109
573.14111
573.14112
573.14115
573.14116
573.14118
573.14123
573.14124
573.14126
573.14127
573.14128
573.14129
573.14130
573.14132
573.14133
573.14136
573.14137
573.14139
573.14142
573.14143
573.14144
573.14146
573.14147
573.14148
573.14154
573.14156
573.14158
573.14161
573.14162
573.14163
573.14164
573.14166
573.14167
573.14168
573.14172
573.14173
573.14174
573.14175
573.14177
573.14178
573.14181
573.14182
573.14183
573.14185
573.14192
573.14194
573.14195
573.14198
573.14202
573.14203
573.14204
573.14206
573.14207
573.14208
573.14209
573.14210
573.14211
573.14212
573.14217
573.14220
573.14222
573.14224
573.14225
573.14226
573.14227
573.14229
573.14230
573.14231
573.14232
573.14234
573.14238
573.14242
573.14244
573.14245
573.14246
573.14247
573.14248
573.14250
573.14252
573.14253
573.14254
573.14255
573.14256
573.14257
573.14258
573.14259
573.14260
573.14261
573.14262
573.14263
573.14264
573.14266
573.14267
573.14268
573.14269
573.14270
573.14273
573.14274
573.14275
573.14277
573.14278
573.14279
573.14280
573.14281
573.14284
573.14285
573.14286
573.14288
573.14289
573.14290
573.14291
573.14292
573.14294
573.14296
573.14306
573.14307
573.14308
573.14310
573.14311
573.14316
573.14317
573.14321
573.14323
573.14326
573.14327
573.14329
573.14331
573.14332
573.14333
573.14334
573.14335
573.14337
573.14339
573.14340
573.14341
573.14342
573.14345
573.14348
573.14349
573.14350
573.14351
573.14352
573.14353
573.14354
573.14355
573.14356
573.14360
573.14361
573.14364
573.14366
573.14367
573.14372
573.14373
573.14374
573.14377
573.14378
573.14379
573.14381
573.14383
573.14389
573.14390
573.14398
573.14399
573.14401
573.14403
573.14405
573.14406
573.14407
573.14413
573.14415
573.14416
573.14417
573.14418
573.14419
573.14421
573.14422
573.14424
573.14425
573.14426
573.14430
573.14431
573.14433
573.14434
573.14436
573.14437
573.14438
573.14442
573.14444
573.14446
573.14447
573.14449
573.14452
573.14457
573.14460
573.14463
573.14466
573.14467
573.14468
573.14470
573.14471
573.14472
573.14473
573.14474
573.14477
573.14481
573.14482
573.14483
573.14484
573.14486
573.14487
573.14488
573.14489
573.14490
573.14491
573.14492
573.14495
573.14496
573.14498
573.14499
573.14500
573.14501
573.14502
573.14503
573.14504
573.14507
573.14508
573.14509
573.14511
573.14512
573.14513
573.14516
573.14519
573.14520
573.14521
573.14522
573.14523
573.14525
573.14526
573.14528
573.14529
573.14530
573.14533
573.14535
573.14537
573.14538
573.14540
573.14541
573.14543
573.14549
